1507
1510
850
1453
1474
1478
1479
1459
1513
845
1521
856
1509
1494
857
1514
1458
1473
853
813
846
1365
674
1450
1515
867
852
854
1480
1516
1463
1471
1461
1469
1465
1512
1500
1508
1501
1470
1156
1511
874
812
1474
1514
1471
1466
1156
813
1516
867
1510
846
1479
1509
1459
1453
1521
1469
1511
1470
849
674
1512
854
1508
1458
1478
1450
1500
856
1427
850
857
1507
1501
1465
812
1480
852
845
1461
853
1365
1515
1513
1475
1515
1472
1467
1157
814
1517
868
1511
847
1480
1510
1460
1454
1522
1470
1512
1471
850
675
1513
855
1509
1459
1479
1451
1501
857
1428
851
858
1508
1502
1466
813
1481
853
846
1462
854
1366
1516
1514
