850
1510
1434
1422
1505
866
1155
1509
1480
1468
1317
1514
1441
1460
1584
1607
1476
859
1432
1153
1502
1478
845
1482
1448
856
1507
1481
1467
1517
1466
855
849
1493
811
1591
1516
846
1503
1438
871
1335
1470
1513
1458
1364
1469
1562
1463
1472
1148
1475
867
1453
1477
1500
874
1465
1504
1524
1479
1492
854
1529
1483
1436
857
1427
757
1519
1484
1464
1461
1501
851
1455
1156
1440
1515
1511
1439
1456
1582
1378
1523
1471
812
1457
853
1314
1338
1526
848
873
1459
1520
760
847
1506
674
852
816
1474
1542
1430
1442
1521
1473
1571
1450
1494
1377
1451
1162
810
1490
813
1485
1508
576
1374
1449
1462
1594
1512
1583
1365
1322
1469
1307
1479
1472
866
1439
1517
1484
857
811
816
1459
1422
1492
1448
1482
1591
858
1502
1519
867
1477
812
1562
1571
852
1594
1467
1455
1442
1338
1607
1470
1155
1460
1430
1458
1508
853
1434
1453
1427
1510
1317
1516
1500
856
1162
1507
845
1471
1474
851
1509
1480
854
1487
850
1095
1504
1518
1505
848
1583
1512
1457
1456
1464
1503
1461
1449
1513
1473
1339
1526
1481
1515
1335
1431
757
1476
871
873
810
1377
1511
1462
1530
1440
1322
1436
1432
1153
1514
1441
1524
1584
1451
1360
1582
1501
1148
1521
1463
1468
859
855
1374
576
1506
813
1485
1466
1156
1478
1542
1475
1364
1490
1314
1450
1465
847
1493
1365
1438
674
1483
1520
846
849
874
1494
1470
1308
1480
1473
867
1440
1518
1485
858
812
817
1460
1423
1493
1449
1483
1592
859
1503
1520
868
1478
813
1563
1572
853
1595
1468
1456
1443
1339
1608
1471
1156
1461
1431
1459
1509
854
1435
1454
1428
1511
1318
1517
1501
857
1163
1508
846
1472
1475
852
1510
1481
855
1488
851
1096
1505
1519
1506
849
1584
1513
1458
1457
1465
1504
1462
1450
1514
1474
1340
1527
1482
1516
1336
1432
758
1477
872
874
811
1378
1512
1463
1531
1441
1323
1437
1433
1154
1515
1442
1525
1585
1452
1361
1583
1502
1149
1522
1464
1469
860
856
1375
577
1507
814
1486
1467
1157
1479
1543
1476
1365
1491
1315
1451
1466
848
1494
1366
1439
675
1484
1521
847
850
875
1495
