1162
1521
1506
1324
1457
1458
1415
1503
1469
1569
1610
1510
1529
1487
1374
859
1095
1381
1493
855
846
854
1501
1607
1512
1399
1480
1508
850
1338
1155
812
1360
1587
1365
1470
851
870
1504
1459
1463
1494
1439
1276
1591
1509
1515
873
1430
852
1513
757
1507
674
1427
1428
1436
1505
1378
1429
874
1500
856
813
1594
1377
845
848
1567
1153
816
1346
1635
1156
853
1479
1511
1466
1519
1317
811
1568
1471
1613
1520
1502
1562
1514
1542
1314
857
1148
1460
1517
1516
1472
1451
1571
867
1094
1450
760
1461
1602
1456
1583
1473
1525
1474
1528
1306
1461
1587
1432
1322
855
1493
1500
1487
1462
1506
692
811
1514
1472
1503
1470
1585
845
1482
856
1377
1508
1571
1510
1458
1453
1155
1463
1602
1586
1457
1430
760
1515
1583
1360
859
1610
1374
1479
1505
1459
1473
846
1328
1511
1338
1156
1455
1507
1607
853
1415
1480
1509
1521
1153
1346
1439
1307
1525
857
757
1450
850
1148
867
1568
1451
1437
873
1516
1456
812
1494
1591
1562
1485
1365
1474
1395
674
813
1469
1427
1504
1471
874
1324
1526
1314
1569
1501
1520
1513
1449
852
1517
816
1542
1519
1460
848
1399
1429
1502
1162
1594
1512
1529
1466
870
1635
1436
1428
1307
1462
1588
1433
1323
856
1494
1501
1488
1463
1507
693
812
1515
1473
1504
1471
1586
846
1483
857
1378
1509
1572
1511
1459
1454
1156
1464
1603
1587
1458
1431
761
1516
1584
1361
860
1611
1375
1480
1506
1460
1474
847
1329
1512
1339
1157
1456
1508
1608
854
1416
1481
1510
1522
1154
1347
1440
1308
1526
858
758
1451
851
1149
868
1569
1452
1438
874
1517
1457
813
1495
1592
1563
1486
1366
1475
1396
675
814
1470
1428
1505
1472
875
1325
1527
1315
1570
1502
1521
1514
1450
853
1518
817
1543
1520
1461
849
1400
1430
1503
1163
1595
1513
1530
1467
871
1636
1437
1429
