1459
1458
853
1509
1156
1500
1480
852
1504
856
1470
813
846
1521
1450
1511
1514
1461
867
1516
1505
1494
811
812
1469
1471
1512
857
674
1515
1513
1508
1510
850
1501
1507
1474
1480
1515
853
1500
813
850
1510
1516
1507
1508
812
856
1470
1461
1501
1512
857
1156
1514
1511
1471
1365
1450
1509
1505
1458
1453
1513
1459
1473
1469
674
1504
1474
852
846
1521
1481
1516
854
1501
814
851
1511
1517
1508
1509
813
857
1471
1462
1502
1513
858
1157
1515
1512
1472
1366
1451
1510
1506
1459
1454
1514
1460
1474
1470
675
1505
1475
853
847
1522
