1339
1314
1517
1156
1466
852
1468
1436
1479
1449
1471
1472
757
1432
816
1518
1508
1460
1511
1506
1438
1461
846
1500
1507
1469
857
1457
849
850
1524
1583
1485
1148
1542
1512
1494
1377
1453
1465
1509
1458
1317
1450
1490
848
1521
1338
847
1470
845
1594
1503
1514
855
1501
1365
859
1427
811
1095
1519
1459
1478
1464
813
1456
874
1463
1510
1439
1516
1504
810
1335
1582
1322
1520
674
856
1515
1155
1483
1451
1513
854
1482
1505
867
812
853
1473
1430
576
1607
1474
1480
1526
1591
1455
1502
882
1515
1458
1500
813
1507
576
1453
1314
856
1436
1463
1478
874
1156
1365
1450
846
1338
1432
1459
853
1517
1324
1490
1466
1362
1582
854
811
1460
1442
859
1455
1464
1506
757
1483
1339
1427
1439
1335
1317
810
1462
1469
1430
1591
1457
1468
1470
1520
857
1502
1153
1472
1322
1479
1494
1501
1471
1480
1473
1583
816
1509
1508
1511
845
1521
850
1513
1503
848
1482
1451
1465
1519
1607
1155
855
867
1493
1512
852
1505
1456
1461
1594
1514
1485
1516
674
849
1095
847
1474
812
1504
1524
1148
1510
1377
1542
883
1516
1459
1501
814
1508
577
1454
1315
857
1437
1464
1479
875
1157
1366
1451
847
1339
1433
1460
854
1518
1325
1491
1467
1363
1583
855
812
1461
1443
860
1456
1465
1507
758
1484
1340
1428
1440
1336
1318
811
1463
1470
1431
1592
1458
1469
1471
1521
858
1503
1154
1473
1323
1480
1495
1502
1472
1481
1474
1584
817
1510
1509
1512
846
1522
851
1514
1504
849
1483
1452
1466
1520
1608
1156
856
868
1494
1513
853
1506
1457
1462
1595
1515
1486
1517
675
850
1096
848
1475
813
1505
1525
1149
1511
1378
1543
