1507
1510
1562
811
1338
816
1148
1457
1512
1521
1436
1494
1509
1511
1514
1156
1500
1501
1519
813
1505
1526
1458
674
853
855
1472
1450
1155
1516
857
1463
1513
812
1515
873
1508
1583
1520
853
1511
1148
1520
1449
1338
1508
811
1507
1458
853
1500
1504
811
1516
1511
812
813
1148
1494
1562
1510
1338
1155
1607
1505
1156
1458
1501
1507
857
1509
1515
1463
1457
1432
1526
1520
1508
674
1472
1513
855
1521
1512
1450
1583
1514
854
1501
1505
812
1517
1512
813
814
1149
1495
1563
1511
1339
1156
1608
1506
1157
1459
1502
1508
858
1510
1516
1464
1458
1433
1527
1521
1509
675
1473
1514
856
1522
1513
1451
1584
1515
